chr	start	end	donor
1	0	100	Oh43
1	1	101	Oh43
1	2	102	Oh43
1	3	103	Oh43
1	4	104	Oh43
1	5	105	Oh43
1	6	106	Oh43
1	7	107	Oh43
1	8	108	Oh43
1	9	109	Oh43
1	10	110	Oh43
1	11	111	Oh43
1	12	112	Oh43
1	13	113	Oh43
1	14	114	B73
1	15	115	Oh43
1	16	116	Oh43
1	17	117	Oh43
1	18	118	Oh43
1	19	119	Oh43
1	20	120	Oh43
1	21	121	Oh43
1	22	122	Oh43
1	23	123	Oh43
1	24	124	Oh43
1	25	125	Oh43
1	26	126	Oh43
1	27	127	Oh43
1	28	128	Oh43
1	29	129	Oh43
1	30	130	Oh43
1	31	131	Oh43
1	32	132	Oh43
1	33	133	Oh43
1	34	134	Oh43
1	35	135	Oh43
1	36	136	Oh43
1	37	137	Oh43
1	38	138	Oh43
1	39	139	Oh43
1	40	140	Oh43
1	41	141	Oh43
1	42	142	Oh43
1	43	143	Oh43
1	44	144	Oh43
1	45	145	Oh43
1	46	146	Oh43
1	47	147	Oh43
1	48	148	Oh43
1	49	149	Oh43
1	50	150	Oh43
1	51	151	Oh43
1	52	152	B73
1	53	153	B73
1	54	154	B73
1	55	155	B73
1	56	156	B73
1	57	157	B73
1	58	158	B73
1	59	159	B73
1	60	160	B73
1	61	161	B73
1	62	162	B73
1	63	163	B73
1	64	164	B73
1	65	165	B73
1	66	166	B73
1	67	167	B73
1	68	168	B73
1	69	169	B73
1	70	170	B73
1	71	171	B73
1	72	172	B73
1	73	173	B73
1	74	174	B73
1	75	175	B73
1	76	176	B73
1	77	177	B73
1	78	178	B73
1	79	179	B73
1	80	180	B73
1	81	181	B73
1	82	182	B73
1	83	183	B73
1	84	184	B73
1	85	185	B73
1	86	186	B73
1	87	187	B73
1	88	188	B73
1	89	189	B73
1	90	190	B73
1	91	191	B73
1	92	192	B73
1	93	193	B73
1	94	194	B73
1	95	195	B73
1	96	196	B73
1	97	197	B73
1	98	198	B73
1	99	199	B73
1	100	200	B73
1	101	201	B73
1	102	202	B73
1	103	203	B73
1	104	204	B73
1	105	205	B73
1	106	206	B73
1	107	207	B73
1	108	208	B73
1	109	209	B73
1	110	210	B73
1	111	211	B73
1	112	212	B73
1	113	213	B73
1	114	214	B73
1	115	215	B73
1	116	216	B73
1	117	217	B73
1	118	218	B73
1	119	219	B73
1	120	220	B73
1	121	221	B73
1	122	222	B73
1	123	223	B73
1	124	224	B73
1	125	225	B73
1	126	226	B73
1	127	227	B73
1	128	228	B73
1	129	229	B73
1	130	230	B73
1	131	231	B73
1	132	232	B73
1	133	233	B73
1	134	234	B73
1	135	235	B73
1	136	236	B73
1	137	237	B73
1	138	238	B73
1	139	239	B73
1	140	240	B73
1	141	241	B73
1	142	242	B73
1	143	243	B73
1	144	244	B73
1	145	245	B73
1	146	246	B73
1	147	247	B73
1	148	248	B73
1	149	249	B73
1	150	250	B73
1	151	251	B73
1	152	252	B73
1	153	253	B73
1	154	254	B73
1	155	255	B73
1	156	256	B73
1	157	257	B73
1	158	258	B73
1	159	259	B73
1	160	260	B73
1	161	261	B73
1	162	262	B73
1	163	263	B73
1	164	264	B73
1	165	265	B73
1	166	266	B73
1	167	267	B73
1	168	268	B73
1	169	269	B73
1	170	270	B73
1	171	271	B73
1	172	272	B73
1	173	273	B73
1	174	274	B73
1	175	275	B73
1	176	276	B73
1	177	277	B73
1	178	278	B73
1	179	279	B73
1	180	280	B73
1	181	281	B73
1	182	282	B73
1	183	283	B73
1	184	284	B73
1	185	285	B73
1	186	286	B73
1	187	287	B73
1	188	288	B73
1	189	289	B73
1	190	290	B73
1	191	291	B73
1	192	292	B73
1	193	293	B73
1	194	294	B73
1	195	295	B73
1	196	296	B73
1	197	297	B73
1	198	298	B73
1	199	299	B73
1	200	300	B73
1	201	301	Oh43
1	202	302	Oh43
1	203	303	B73
1	204	304	B73
1	205	305	B73
1	206	306	B73
1	207	307	B73
1	208	308	B73
1	209	309	B73
1	210	310	B73
1	211	311	B73
1	212	312	B73
1	213	313	B73
1	214	314	B73
1	215	315	B73
1	216	316	B73
1	217	317	B73
1	218	318	B73
1	219	319	B73
1	220	320	B73
1	221	321	B73
1	222	322	B73
1	223	323	B73
1	224	324	B73
1	225	325	B73
1	226	326	B73
1	227	327	B73
1	228	328	B73
1	229	329	B73
1	230	330	B73
1	231	331	B73
1	232	332	B73
1	233	333	B73
1	234	334	B73
1	235	335	B73
1	236	336	B73
1	237	337	B73
1	238	338	Oh43
1	239	339	Oh43
1	240	340	Oh43
1	241	341	Oh43
1	242	342	Oh43
1	243	343	Oh43
1	244	344	Oh43
1	245	345	Oh43
1	246	346	Oh43
1	247	347	Oh43
1	248	348	Oh43
1	249	349	Oh43
1	250	350	Oh43
1	251	351	Oh43
1	252	352	Oh43
1	253	353	Oh43
1	254	354	Oh43
1	255	355	Oh43
1	256	356	Oh43
1	257	357	Oh43
1	258	358	Oh43
1	259	359	Oh43
1	260	360	Oh43
1	261	361	Oh43
1	262	362	Oh43
1	263	363	Oh43
1	264	364	Oh43
1	265	365	Oh43
1	266	366	Oh43
1	267	367	Oh43
1	268	368	Oh43
1	269	369	Oh43
1	270	370	Oh43
1	271	371	Oh43
1	272	372	Oh43
1	273	373	Oh43
1	274	374	Oh43
1	275	375	Oh43
1	276	376	Oh43
1	277	377	Oh43
1	278	378	Oh43
1	279	379	Oh43
1	280	380	Oh43
1	281	381	Oh43
1	282	382	Oh43
1	283	383	Oh43
1	284	384	Oh43
1	285	385	Oh43
1	286	386	Oh43
1	287	387	Oh43
1	288	388	Oh43
1	289	389	Oh43
1	290	390	Oh43
1	291	391	Oh43
1	292	392	Oh43
1	293	393	Oh43
1	294	394	Oh43
1	295	395	Oh43
1	296	396	Oh43
1	297	397	Oh43
1	298	398	Oh43
1	299	399	Oh43
1	300	400	Oh43
1	301	401	Oh43
2	0	100	Oh43
2	1	101	Oh43
2	2	102	Oh43
2	3	103	Oh43
2	4	104	Oh43
2	5	105	Oh43
2	6	106	Oh43
2	7	107	Oh43
2	8	108	Oh43
2	9	109	Oh43
2	10	110	Oh43
2	11	111	Oh43
2	12	112	Oh43
2	13	113	Oh43
2	14	114	Oh43
2	15	115	Oh43
2	16	116	Oh43
2	17	117	Oh43
2	18	118	Oh43
2	19	119	Oh43
2	20	120	B73
2	21	121	B73
2	22	122	B73
2	23	123	Oh43
2	24	124	Oh43
2	25	125	Oh43
2	26	126	Oh43
2	27	127	Oh43
2	28	128	Oh43
2	29	129	Oh43
2	30	130	Oh43
2	31	131	Oh43
2	32	132	Oh43
2	33	133	Oh43
2	34	134	Oh43
2	35	135	Oh43
2	36	136	Oh43
2	37	137	Oh43
2	38	138	Oh43
2	39	139	Oh43
2	40	140	Oh43
2	41	141	Oh43
2	42	142	Oh43
2	43	143	Oh43
2	44	144	Oh43
2	45	145	Oh43
2	46	146	Oh43
2	47	147	Oh43
2	48	148	Oh43
2	49	149	Oh43
2	50	150	Oh43
2	51	151	Oh43
2	52	152	Oh43
2	53	153	Oh43
2	54	154	Oh43
2	55	155	Oh43
2	56	156	Oh43
2	57	157	Oh43
2	58	158	Oh43
2	59	159	Oh43
2	60	160	Oh43
2	61	161	Oh43
2	62	162	Oh43
2	63	163	Oh43
2	64	164	Oh43
2	65	165	Oh43
2	66	166	Oh43
2	67	167	Oh43
2	68	168	Oh43
2	69	169	Oh43
2	70	170	Oh43
2	71	171	Oh43
2	72	172	Oh43
2	73	173	Oh43
2	74	174	Oh43
2	75	175	Oh43
2	76	176	Oh43
2	77	177	Oh43
2	78	178	Oh43
2	79	179	Oh43
2	80	180	Oh43
2	81	181	Oh43
2	82	182	Oh43
2	83	183	Oh43
2	84	184	Oh43
2	85	185	Oh43
2	86	186	Oh43
2	87	187	Oh43
2	88	188	Oh43
2	89	189	Oh43
2	90	190	Oh43
2	91	191	Oh43
2	92	192	Oh43
2	93	193	Oh43
2	94	194	Oh43
2	95	195	Oh43
2	96	196	Oh43
2	97	197	Oh43
2	98	198	Oh43
2	99	199	Oh43
2	100	200	Oh43
2	101	201	Oh43
2	102	202	Oh43
2	103	203	Oh43
2	104	204	Oh43
2	105	205	Oh43
2	106	206	Oh43
2	107	207	Oh43
2	108	208	Oh43
2	109	209	Oh43
2	110	210	Oh43
2	111	211	Oh43
2	112	212	Oh43
2	113	213	Oh43
2	114	214	Oh43
2	115	215	Oh43
2	116	216	Oh43
2	117	217	Oh43
2	118	218	Oh43
2	119	219	Oh43
2	120	220	Oh43
2	121	221	Oh43
2	122	222	Oh43
2	123	223	Oh43
2	124	224	Oh43
2	125	225	Oh43
2	126	226	Oh43
2	127	227	Oh43
2	128	228	Oh43
2	129	229	Oh43
2	130	230	Oh43
2	131	231	Oh43
2	132	232	Oh43
2	133	233	Oh43
2	134	234	Oh43
2	135	235	Oh43
2	136	236	Oh43
2	137	237	Oh43
2	138	238	Oh43
2	139	239	Oh43
2	140	240	Oh43
2	141	241	Oh43
2	142	242	Oh43
2	143	243	Oh43
2	144	244	Oh43
2	145	245	Oh43
2	146	246	Oh43
2	147	247	Oh43
2	148	248	Oh43
2	149	249	Oh43
2	150	250	Oh43
2	151	251	Oh43
2	152	252	Oh43
2	153	253	Oh43
2	154	254	Oh43
2	155	255	Oh43
2	156	256	Oh43
2	157	257	Oh43
2	158	258	Oh43
2	159	259	Oh43
2	160	260	Oh43
2	161	261	Oh43
2	162	262	Oh43
2	163	263	Oh43
2	164	264	Oh43
2	165	265	Oh43
2	166	266	Oh43
2	167	267	Oh43
2	168	268	Oh43
2	169	269	Oh43
2	170	270	Oh43
2	171	271	Oh43
2	172	272	Oh43
2	173	273	Oh43
2	174	274	Oh43
2	175	275	Oh43
2	176	276	Oh43
2	177	277	Oh43
2	178	278	Oh43
2	179	279	Oh43
2	180	280	Oh43
2	181	281	Oh43
2	182	282	Oh43
2	183	283	Oh43
2	184	284	Oh43
2	185	285	Oh43
2	186	286	Oh43
2	187	287	Oh43
2	188	288	Oh43
2	189	289	Oh43
2	190	290	Oh43
2	191	291	Oh43
2	192	292	Oh43
2	193	293	B73
2	194	294	B73
2	195	295	B73
2	196	296	B73
2	197	297	Oh43
2	198	298	Oh43
2	199	299	Oh43
2	200	300	Oh43
2	201	301	Oh43
2	202	302	Oh43
2	203	303	Oh43
2	204	304	Oh43
2	205	305	Oh43
2	206	306	Oh43
2	207	307	Oh43
2	208	308	Oh43
2	209	309	Oh43
2	210	310	Oh43
2	211	311	Oh43
2	212	312	Oh43
2	213	313	Oh43
2	214	314	Oh43
2	215	315	Oh43
2	216	316	Oh43
2	217	317	B73
2	218	318	B73
2	219	319	B73
2	220	320	B73
2	221	321	B73
2	222	322	B73
2	223	323	B73
2	224	324	B73
2	225	325	B73
2	226	326	B73
2	227	327	B73
2	228	328	B73
2	229	329	B73
2	230	330	B73
2	231	331	B73
2	232	332	B73
2	233	333	B73
2	234	334	B73
2	235	335	B73
2	236	336	B73
2	237	337	B73
3	0	100	B73
3	1	101	B73
3	2	102	B73
3	3	103	B73
3	4	104	B73
3	5	105	B73
3	6	106	B73
3	7	107	B73
3	8	108	B73
3	9	109	B73
3	10	110	B73
3	11	111	B73
3	12	112	B73
3	13	113	Oh43
3	14	114	Oh43
3	15	115	Oh43
3	16	116	Oh43
3	17	117	Oh43
3	18	118	Oh43
3	19	119	Oh43
3	20	120	Oh43
3	21	121	Oh43
3	22	122	Oh43
3	23	123	Oh43
3	24	124	Oh43
3	25	125	Oh43
3	26	126	Oh43
3	27	127	Oh43
3	28	128	Oh43
3	29	129	Oh43
3	30	130	Oh43
3	31	131	Oh43
3	32	132	Oh43
3	33	133	Oh43
3	34	134	Oh43
3	35	135	Oh43
3	36	136	Oh43
3	37	137	Oh43
3	38	138	Oh43
3	39	139	Oh43
3	40	140	Oh43
3	41	141	Oh43
3	42	142	Oh43
3	43	143	Oh43
3	44	144	Oh43
3	45	145	Oh43
3	46	146	Oh43
3	47	147	Oh43
3	48	148	Oh43
3	49	149	Oh43
3	50	150	Oh43
3	51	151	Oh43
3	52	152	Oh43
3	53	153	Oh43
3	54	154	Oh43
3	55	155	Oh43
3	56	156	Oh43
3	57	157	Oh43
3	58	158	B73
3	59	159	B73
3	60	160	B73
3	61	161	B73
3	62	162	B73
3	63	163	B73
3	64	164	B73
3	65	165	B73
3	66	166	B73
3	67	167	B73
3	68	168	B73
3	69	169	B73
3	70	170	B73
3	71	171	B73
3	72	172	B73
3	73	173	B73
3	74	174	B73
3	75	175	B73
3	76	176	B73
3	77	177	B73
3	78	178	B73
3	79	179	B73
3	80	180	B73
3	81	181	B73
3	82	182	B73
3	83	183	B73
3	84	184	B73
3	85	185	B73
3	86	186	B73
3	87	187	B73
3	88	188	B73
3	89	189	B73
3	90	190	B73
3	91	191	B73
3	92	192	B73
3	93	193	B73
3	94	194	B73
3	95	195	B73
3	96	196	B73
3	97	197	B73
3	98	198	B73
3	99	199	B73
3	100	200	B73
3	101	201	B73
3	102	202	B73
3	103	203	B73
3	104	204	B73
3	105	205	B73
3	106	206	B73
3	107	207	B73
3	108	208	B73
3	109	209	B73
3	110	210	B73
3	111	211	B73
3	112	212	B73
3	113	213	B73
3	114	214	B73
3	115	215	B73
3	116	216	B73
3	117	217	B73
3	118	218	B73
3	119	219	B73
3	120	220	B73
3	121	221	B73
3	122	222	B73
3	123	223	B73
3	124	224	B73
3	125	225	B73
3	126	226	B73
3	127	227	B73
3	128	228	B73
3	129	229	B73
3	130	230	B73
3	131	231	B73
3	132	232	B73
3	133	233	B73
3	134	234	B73
3	135	235	B73
3	136	236	B73
3	137	237	B73
3	138	238	B73
3	139	239	B73
3	140	240	B73
3	141	241	B73
3	142	242	B73
3	143	243	B73
3	144	244	B73
3	145	245	B73
3	146	246	B73
3	147	247	B73
3	148	248	B73
3	149	249	B73
3	150	250	B73
3	151	251	B73
3	152	252	B73
3	153	253	B73
3	154	254	B73
3	155	255	B73
3	156	256	B73
3	157	257	B73
3	158	258	B73
3	159	259	B73
3	160	260	B73
3	161	261	B73
3	162	262	B73
3	163	263	B73
3	164	264	B73
3	165	265	B73
3	166	266	B73
3	167	267	B73
3	168	268	B73
3	169	269	B73
3	170	270	B73
3	171	271	B73
3	172	272	B73
3	173	273	B73
3	174	274	B73
3	175	275	B73
3	176	276	B73
3	177	277	B73
3	178	278	B73
3	179	279	B73
3	180	280	B73
3	181	281	B73
3	182	282	B73
3	183	283	B73
3	184	284	B73
3	185	285	B73
3	186	286	B73
3	187	287	B73
3	188	288	B73
3	189	289	B73
3	190	290	B73
3	191	291	B73
3	192	292	Oh43
3	193	293	Oh43
3	194	294	Oh43
3	195	295	Oh43
3	196	296	Oh43
3	197	297	Oh43
3	198	298	Oh43
3	199	299	Oh43
3	200	300	Oh43
3	201	301	Oh43
3	202	302	Oh43
3	203	303	Oh43
3	204	304	Oh43
3	205	305	Oh43
3	206	306	Oh43
3	207	307	Oh43
3	208	308	Oh43
3	209	309	Oh43
3	210	310	Oh43
3	211	311	Oh43
3	212	312	Oh43
3	213	313	B73
3	214	314	B73
3	215	315	B73
3	216	316	B73
3	217	317	B73
3	218	318	Oh43
3	219	319	Oh43
3	220	320	Oh43
3	221	321	Oh43
3	222	322	Oh43
3	223	323	Oh43
3	224	324	Oh43
3	225	325	Oh43
3	226	326	Oh43
3	227	327	Oh43
3	228	328	Oh43
3	229	329	B73
3	230	330	B73
3	231	331	B73
3	232	332	B73
4	0	100	B73
4	1	101	B73
4	2	102	B73
4	3	103	B73
4	4	104	B73
4	5	105	B73
4	6	106	B73
4	7	107	B73
4	8	108	B73
4	9	109	B73
4	10	110	B73
4	11	111	B73
4	12	112	B73
4	13	113	B73
4	14	114	B73
4	15	115	B73
4	16	116	B73
4	17	117	Oh43
4	18	118	Oh43
4	19	119	Oh43
4	20	120	Oh43
4	21	121	B73
4	22	122	B73
4	23	123	B73
4	24	124	B73
4	25	125	B73
4	26	126	B73
4	27	127	B73
4	28	128	B73
4	29	129	B73
4	30	130	B73
4	31	131	B73
4	32	132	B73
4	33	133	B73
4	34	134	B73
4	35	135	B73
4	36	136	B73
4	37	137	B73
4	38	138	B73
4	39	139	B73
4	40	140	B73
4	41	141	B73
4	42	142	B73
4	43	143	B73
4	44	144	B73
4	45	145	B73
4	46	146	B73
4	47	147	B73
4	48	148	B73
4	49	149	B73
4	50	150	B73
4	51	151	B73
4	52	152	B73
4	53	153	B73
4	54	154	B73
4	55	155	B73
4	56	156	B73
4	57	157	B73
4	58	158	B73
4	59	159	B73
4	60	160	B73
4	61	161	B73
4	62	162	B73
4	63	163	B73
4	64	164	B73
4	65	165	B73
4	66	166	B73
4	67	167	B73
4	68	168	B73
4	69	169	B73
4	70	170	B73
4	71	171	B73
4	72	172	B73
4	73	173	B73
4	74	174	B73
4	75	175	B73
4	76	176	B73
4	77	177	B73
4	78	178	B73
4	79	179	B73
4	80	180	B73
4	81	181	B73
4	82	182	B73
4	83	183	B73
4	84	184	B73
4	85	185	B73
4	86	186	B73
4	87	187	B73
4	88	188	B73
4	89	189	B73
4	90	190	B73
4	91	191	B73
4	92	192	B73
4	93	193	B73
4	94	194	B73
4	95	195	B73
4	96	196	B73
4	97	197	B73
4	98	198	B73
4	99	199	B73
4	100	200	B73
4	101	201	B73
4	102	202	B73
4	103	203	B73
4	104	204	B73
4	105	205	B73
4	106	206	B73
4	107	207	B73
4	108	208	B73
4	109	209	B73
4	110	210	B73
4	111	211	B73
4	112	212	B73
4	113	213	B73
4	114	214	B73
4	115	215	B73
4	116	216	B73
4	117	217	B73
4	118	218	B73
4	119	219	B73
4	120	220	B73
4	121	221	B73
4	122	222	B73
4	123	223	B73
4	124	224	B73
4	125	225	B73
4	126	226	B73
4	127	227	B73
4	128	228	B73
4	129	229	B73
4	130	230	B73
4	131	231	B73
4	132	232	B73
4	133	233	B73
4	134	234	B73
4	135	235	B73
4	136	236	B73
4	137	237	B73
4	138	238	B73
4	139	239	B73
4	140	240	B73
4	141	241	B73
4	142	242	B73
4	143	243	B73
4	144	244	B73
4	145	245	B73
4	146	246	B73
4	147	247	B73
4	148	248	B73
4	149	249	B73
4	150	250	B73
4	151	251	B73
4	152	252	B73
4	153	253	Oh43
4	154	254	Oh43
4	155	255	Oh43
4	156	256	Oh43
4	157	257	Oh43
4	158	258	Oh43
4	159	259	Oh43
4	160	260	Oh43
4	161	261	Oh43
4	162	262	Oh43
4	163	263	Oh43
4	164	264	Oh43
4	165	265	Oh43
4	166	266	Oh43
4	167	267	Oh43
4	168	268	Oh43
4	169	269	Oh43
4	170	270	Oh43
4	171	271	Oh43
4	172	272	Oh43
4	173	273	Oh43
4	174	274	Oh43
4	175	275	Oh43
4	176	276	Oh43
4	177	277	Oh43
4	178	278	Oh43
4	179	279	Oh43
4	180	280	B73
4	181	281	B73
4	182	282	B73
4	183	283	B73
4	184	284	B73
4	185	285	B73
4	186	286	B73
4	187	287	B73
4	188	288	B73
4	189	289	B73
4	190	290	B73
4	191	291	B73
4	192	292	B73
4	193	293	B73
4	194	294	B73
4	195	295	B73
4	196	296	B73
4	197	297	B73
4	198	298	B73
4	199	299	B73
4	200	300	B73
4	201	301	B73
4	202	302	B73
4	203	303	B73
4	204	304	B73
4	205	305	B73
4	206	306	Oh43
4	207	307	Oh43
4	208	308	Oh43
4	209	309	Oh43
4	210	310	Oh43
4	211	311	Oh43
4	212	312	Oh43
4	213	313	Oh43
4	214	314	Oh43
4	215	315	Oh43
4	216	316	Oh43
4	217	317	Oh43
4	218	318	Oh43
4	219	319	Oh43
4	220	320	Oh43
4	221	321	Oh43
4	222	322	Oh43
4	223	323	Oh43
4	224	324	Oh43
4	225	325	Oh43
4	226	326	Oh43
4	227	327	Oh43
4	228	328	Oh43
4	229	329	Oh43
4	230	330	Oh43
4	231	331	Oh43
4	232	332	Oh43
4	233	333	Oh43
4	234	334	Oh43
4	235	335	Oh43
4	236	336	Oh43
4	237	337	Oh43
4	238	338	Oh43
4	239	339	Oh43
4	240	340	Oh43
4	241	341	B73
4	242	342	B73
5	0	100	Oh43
5	1	101	Oh43
5	2	102	Oh43
5	3	103	Oh43
5	4	104	Oh43
5	5	105	Oh43
5	6	106	B73
5	7	107	B73
5	8	108	B73
5	9	109	B73
5	10	110	B73
5	11	111	B73
5	12	112	B73
5	13	113	B73
5	14	114	B73
5	15	115	B73
5	16	116	B73
5	17	117	B73
5	18	118	B73
5	19	119	B73
5	20	120	B73
5	21	121	B73
5	22	122	B73
5	23	123	B73
5	24	124	B73
5	25	125	B73
5	26	126	B73
5	27	127	B73
5	28	128	B73
5	29	129	B73
5	30	130	B73
5	31	131	B73
5	32	132	B73
5	33	133	B73
5	34	134	Oh43
5	35	135	Oh43
5	36	136	Oh43
5	37	137	Oh43
5	38	138	Oh43
5	39	139	Oh43
5	40	140	Oh43
5	41	141	Oh43
5	42	142	Oh43
5	43	143	Oh43
5	44	144	Oh43
5	45	145	Oh43
5	46	146	Oh43
5	47	147	Oh43
5	48	148	Oh43
5	49	149	Oh43
5	50	150	Oh43
5	51	151	Oh43
5	52	152	Oh43
5	53	153	Oh43
5	54	154	Oh43
5	55	155	Oh43
5	56	156	Oh43
5	57	157	Oh43
5	58	158	Oh43
5	59	159	Oh43
5	60	160	Oh43
5	61	161	Oh43
5	62	162	Oh43
5	63	163	Oh43
5	64	164	Oh43
5	65	165	Oh43
5	66	166	Oh43
5	67	167	Oh43
5	68	168	Oh43
5	69	169	Oh43
5	70	170	Oh43
5	71	171	Oh43
5	72	172	B73
5	73	173	B73
5	74	174	B73
5	75	175	B73
5	76	176	B73
5	77	177	B73
5	78	178	B73
5	79	179	B73
5	80	180	B73
5	81	181	B73
5	82	182	B73
5	83	183	B73
5	84	184	B73
5	85	185	B73
5	86	186	B73
5	87	187	B73
5	88	188	B73
5	89	189	B73
5	90	190	B73
5	91	191	B73
5	92	192	B73
5	93	193	B73
5	94	194	B73
5	95	195	B73
5	96	196	B73
5	97	197	B73
5	98	198	B73
5	99	199	B73
5	100	200	B73
5	101	201	B73
5	102	202	B73
5	103	203	B73
5	104	204	B73
5	105	205	B73
5	106	206	B73
5	107	207	B73
5	108	208	B73
5	109	209	B73
5	110	210	B73
5	111	211	B73
5	112	212	B73
5	113	213	B73
5	114	214	B73
5	115	215	B73
5	116	216	B73
5	117	217	B73
5	118	218	B73
5	119	219	B73
5	120	220	B73
5	121	221	B73
5	122	222	B73
5	123	223	B73
5	124	224	B73
5	125	225	B73
5	126	226	B73
5	127	227	B73
5	128	228	B73
5	129	229	B73
5	130	230	B73
5	131	231	B73
5	132	232	B73
5	133	233	B73
5	134	234	B73
5	135	235	B73
5	136	236	B73
5	137	237	B73
5	138	238	B73
5	139	239	B73
5	140	240	B73
5	141	241	B73
5	142	242	B73
5	143	243	B73
5	144	244	B73
5	145	245	B73
5	146	246	B73
5	147	247	B73
5	148	248	B73
5	149	249	B73
5	150	250	B73
5	151	251	B73
5	152	252	Oh43
5	153	253	Oh43
5	154	254	Oh43
5	155	255	Oh43
5	156	256	Oh43
5	157	257	Oh43
5	158	258	Oh43
5	159	259	Oh43
5	160	260	Oh43
5	161	261	Oh43
5	162	262	Oh43
5	163	263	Oh43
5	164	264	Oh43
5	165	265	Oh43
5	166	266	Oh43
5	167	267	Oh43
5	168	268	Oh43
5	169	269	Oh43
5	170	270	Oh43
5	171	271	Oh43
5	172	272	Oh43
5	173	273	Oh43
5	174	274	Oh43
5	175	275	Oh43
5	176	276	Oh43
5	177	277	Oh43
5	178	278	Oh43
5	179	279	Oh43
5	180	280	Oh43
5	181	281	Oh43
5	182	282	Oh43
5	183	283	Oh43
5	184	284	Oh43
5	185	285	Oh43
5	186	286	Oh43
5	187	287	Oh43
5	188	288	Oh43
5	189	289	Oh43
5	190	290	Oh43
5	191	291	Oh43
5	192	292	Oh43
5	193	293	Oh43
5	194	294	Oh43
5	195	295	Oh43
5	196	296	Oh43
5	197	297	Oh43
5	198	298	Oh43
5	199	299	Oh43
5	200	300	Oh43
5	201	301	Oh43
5	202	302	Oh43
5	203	303	Oh43
5	204	304	Oh43
5	205	305	Oh43
5	206	306	Oh43
5	207	307	Oh43
5	208	308	Oh43
5	209	309	B73
5	210	310	B73
5	211	311	B73
5	212	312	B73
5	213	313	Oh43
5	214	314	Oh43
5	215	315	Oh43
5	216	316	Oh43
5	217	317	Oh43
6	0	100	Oh43
6	1	101	Oh43
6	2	102	Oh43
6	3	103	Oh43
6	4	104	Oh43
6	5	105	Oh43
6	6	106	Oh43
6	7	107	Oh43
6	8	108	Oh43
6	9	109	Oh43
6	10	110	Oh43
6	11	111	B73
6	12	112	B73
6	13	113	B73
6	14	114	Oh43
6	15	115	Oh43
6	16	116	Oh43
6	17	117	Oh43
6	18	118	Oh43
6	19	119	Oh43
6	20	120	Oh43
6	21	121	Oh43
6	22	122	Oh43
6	23	123	Oh43
6	24	124	Oh43
6	25	125	Oh43
6	26	126	Oh43
6	27	127	Oh43
6	28	128	Oh43
6	29	129	Oh43
6	30	130	Oh43
6	31	131	Oh43
6	32	132	Oh43
6	33	133	Oh43
6	34	134	Oh43
6	35	135	Oh43
6	36	136	Oh43
6	37	137	Oh43
6	38	138	Oh43
6	39	139	Oh43
6	40	140	Oh43
6	41	141	Oh43
6	42	142	Oh43
6	43	143	Oh43
6	44	144	Oh43
6	45	145	Oh43
6	46	146	Oh43
6	47	147	Oh43
6	48	148	Oh43
6	49	149	Oh43
6	50	150	Oh43
6	51	151	Oh43
6	52	152	Oh43
6	53	153	Oh43
6	54	154	Oh43
6	55	155	Oh43
6	56	156	Oh43
6	57	157	Oh43
6	58	158	Oh43
6	59	159	Oh43
6	60	160	Oh43
6	61	161	Oh43
6	62	162	Oh43
6	63	163	Oh43
6	64	164	Oh43
6	65	165	Oh43
6	66	166	Oh43
6	67	167	Oh43
6	68	168	Oh43
6	69	169	Oh43
6	70	170	Oh43
6	71	171	Oh43
6	72	172	Oh43
6	73	173	Oh43
6	74	174	Oh43
6	75	175	Oh43
6	76	176	Oh43
6	77	177	Oh43
6	78	178	Oh43
6	79	179	Oh43
6	80	180	Oh43
6	81	181	Oh43
6	82	182	Oh43
6	83	183	Oh43
6	84	184	Oh43
6	85	185	Oh43
6	86	186	Oh43
6	87	187	Oh43
6	88	188	Oh43
6	89	189	Oh43
6	90	190	Oh43
6	91	191	Oh43
6	92	192	Oh43
6	93	193	Oh43
6	94	194	Oh43
6	95	195	Oh43
6	96	196	Oh43
6	97	197	Oh43
6	98	198	Oh43
6	99	199	Oh43
6	100	200	Oh43
6	101	201	Oh43
6	102	202	Oh43
6	103	203	Oh43
6	104	204	B73
6	105	205	B73
6	106	206	B73
6	107	207	B73
6	108	208	B73
6	109	209	B73
6	110	210	B73
6	111	211	B73
6	112	212	B73
6	113	213	B73
6	114	214	B73
6	115	215	B73
6	116	216	B73
6	117	217	B73
6	118	218	B73
6	119	219	B73
6	120	220	B73
6	121	221	B73
6	122	222	B73
6	123	223	B73
6	124	224	B73
6	125	225	B73
6	126	226	B73
6	127	227	B73
6	128	228	B73
6	129	229	B73
6	130	230	B73
6	131	231	B73
6	132	232	B73
6	133	233	B73
6	134	234	B73
6	135	235	B73
6	136	236	B73
6	137	237	B73
6	138	238	B73
6	139	239	B73
6	140	240	B73
6	141	241	B73
6	142	242	B73
6	143	243	B73
6	144	244	B73
6	145	245	B73
6	146	246	Oh43
6	147	247	Oh43
6	148	248	Oh43
6	149	249	Oh43
6	150	250	Oh43
6	151	251	Oh43
6	152	252	Oh43
6	153	253	Oh43
6	154	254	Oh43
6	155	255	Oh43
6	156	256	Oh43
6	157	257	Oh43
6	158	258	Oh43
6	159	259	Oh43
6	160	260	Oh43
6	161	261	Oh43
6	162	262	Oh43
6	163	263	Oh43
6	164	264	Oh43
6	165	265	Oh43
6	166	266	Oh43
6	167	267	B73
6	168	268	B73
6	169	269	B73
7	0	100	Oh43
7	1	101	Oh43
7	2	102	Oh43
7	3	103	Oh43
7	4	104	Oh43
7	5	105	Oh43
7	6	106	Oh43
7	7	107	Oh43
7	8	108	Oh43
7	9	109	Oh43
7	10	110	Oh43
7	11	111	Oh43
7	12	112	Oh43
7	13	113	Oh43
7	14	114	Oh43
7	15	115	Oh43
7	16	116	Oh43
7	17	117	Oh43
7	18	118	Oh43
7	19	119	Oh43
7	20	120	Oh43
7	21	121	Oh43
7	22	122	Oh43
7	23	123	Oh43
7	24	124	Oh43
7	25	125	Oh43
7	26	126	Oh43
7	27	127	Oh43
7	28	128	Oh43
7	29	129	Oh43
7	30	130	Oh43
7	31	131	Oh43
7	32	132	Oh43
7	33	133	Oh43
7	34	134	Oh43
7	35	135	Oh43
7	36	136	Oh43
7	37	137	Oh43
7	38	138	Oh43
7	39	139	Oh43
7	40	140	Oh43
7	41	141	Oh43
7	42	142	Oh43
7	43	143	Oh43
7	44	144	Oh43
7	45	145	Oh43
7	46	146	Oh43
7	47	147	Oh43
7	48	148	Oh43
7	49	149	Oh43
7	50	150	Oh43
7	51	151	Oh43
7	52	152	Oh43
7	53	153	Oh43
7	54	154	Oh43
7	55	155	Oh43
7	56	156	Oh43
7	57	157	Oh43
7	58	158	Oh43
7	59	159	Oh43
7	60	160	Oh43
7	61	161	Oh43
7	62	162	Oh43
7	63	163	Oh43
7	64	164	Oh43
7	65	165	Oh43
7	66	166	Oh43
7	67	167	Oh43
7	68	168	Oh43
7	69	169	Oh43
7	70	170	Oh43
7	71	171	Oh43
7	72	172	Oh43
7	73	173	Oh43
7	74	174	Oh43
7	75	175	Oh43
7	76	176	Oh43
7	77	177	Oh43
7	78	178	Oh43
7	79	179	Oh43
7	80	180	Oh43
7	81	181	Oh43
7	82	182	Oh43
7	83	183	Oh43
7	84	184	Oh43
7	85	185	Oh43
7	86	186	B73
7	87	187	B73
7	88	188	B73
7	89	189	B73
7	90	190	B73
7	91	191	B73
7	92	192	B73
7	93	193	B73
7	94	194	B73
7	95	195	B73
7	96	196	B73
7	97	197	B73
7	98	198	B73
7	99	199	B73
7	100	200	B73
7	101	201	B73
7	102	202	B73
7	103	203	B73
7	104	204	B73
7	105	205	B73
7	106	206	B73
7	107	207	B73
7	108	208	B73
7	109	209	B73
7	110	210	B73
7	111	211	B73
7	112	212	B73
7	113	213	B73
7	114	214	B73
7	115	215	B73
7	116	216	B73
7	117	217	B73
7	118	218	B73
7	119	219	B73
7	120	220	B73
7	121	221	B73
7	122	222	B73
7	123	223	B73
7	124	224	B73
7	125	225	B73
7	126	226	B73
7	127	227	B73
7	128	228	B73
7	129	229	Oh43
7	130	230	Oh43
7	131	231	Oh43
7	132	232	Oh43
7	133	233	Oh43
7	134	234	Oh43
7	135	235	Oh43
7	136	236	Oh43
7	137	237	Oh43
7	138	238	Oh43
7	139	239	Oh43
7	140	240	Oh43
7	141	241	Oh43
7	142	242	Oh43
7	143	243	Oh43
7	144	244	Oh43
7	145	245	Oh43
7	146	246	Oh43
7	147	247	Oh43
7	148	248	Oh43
7	149	249	Oh43
7	150	250	Oh43
7	151	251	Oh43
7	152	252	Oh43
7	153	253	Oh43
7	154	254	Oh43
7	155	255	Oh43
7	156	256	Oh43
7	157	257	Oh43
7	158	258	Oh43
7	159	259	Oh43
7	160	260	Oh43
7	161	261	Oh43
7	162	262	Oh43
7	163	263	Oh43
7	164	264	B73
7	165	265	B73
7	166	266	Oh43
7	167	267	Oh43
7	168	268	Oh43
7	169	269	B73
7	170	270	B73
7	171	271	B73
7	172	272	B73
7	173	273	Oh43
7	174	274	Oh43
7	175	275	Oh43
7	176	276	Oh43
8	0	100	Oh43
8	1	101	Oh43
8	2	102	Oh43
8	3	103	Oh43
8	4	104	Oh43
8	5	105	Oh43
8	6	106	Oh43
8	7	107	Oh43
8	8	108	Oh43
8	9	109	Oh43
8	10	110	Oh43
8	11	111	Oh43
8	12	112	Oh43
8	13	113	Oh43
8	14	114	Oh43
8	15	115	Oh43
8	16	116	Oh43
8	17	117	Oh43
8	18	118	Oh43
8	19	119	Oh43
8	20	120	Oh43
8	21	121	Oh43
8	22	122	Oh43
8	23	123	Oh43
8	24	124	Oh43
8	25	125	Oh43
8	26	126	Oh43
8	27	127	Oh43
8	28	128	Oh43
8	29	129	Oh43
8	30	130	Oh43
8	31	131	Oh43
8	32	132	Oh43
8	33	133	Oh43
8	34	134	Oh43
8	35	135	Oh43
8	36	136	Oh43
8	37	137	Oh43
8	38	138	Oh43
8	39	139	Oh43
8	40	140	Oh43
8	41	141	Oh43
8	42	142	Oh43
8	43	143	Oh43
8	44	144	Oh43
8	45	145	Oh43
8	46	146	Oh43
8	47	147	Oh43
8	48	148	Oh43
8	49	149	Oh43
8	50	150	Oh43
8	51	151	Oh43
8	52	152	Oh43
8	53	153	Oh43
8	54	154	Oh43
8	55	155	Oh43
8	56	156	Oh43
8	57	157	Oh43
8	58	158	Oh43
8	59	159	Oh43
8	60	160	Oh43
8	61	161	Oh43
8	62	162	Oh43
8	63	163	Oh43
8	64	164	Oh43
8	65	165	Oh43
8	66	166	Oh43
8	67	167	Oh43
8	68	168	Oh43
8	69	169	Oh43
8	70	170	Oh43
8	71	171	Oh43
8	72	172	Oh43
8	73	173	Oh43
8	74	174	Oh43
8	75	175	Oh43
8	76	176	Oh43
8	77	177	Oh43
8	78	178	Oh43
8	79	179	Oh43
8	80	180	Oh43
8	81	181	Oh43
8	82	182	Oh43
8	83	183	Oh43
8	84	184	Oh43
8	85	185	Oh43
8	86	186	Oh43
8	87	187	Oh43
8	88	188	Oh43
8	89	189	Oh43
8	90	190	Oh43
8	91	191	Oh43
8	92	192	Oh43
8	93	193	Oh43
8	94	194	Oh43
8	95	195	Oh43
8	96	196	Oh43
8	97	197	Oh43
8	98	198	Oh43
8	99	199	Oh43
8	100	200	Oh43
8	101	201	Oh43
8	102	202	Oh43
8	103	203	Oh43
8	104	204	Oh43
8	105	205	Oh43
8	106	206	Oh43
8	107	207	Oh43
8	108	208	Oh43
8	109	209	Oh43
8	110	210	Oh43
8	111	211	Oh43
8	112	212	Oh43
8	113	213	Oh43
8	114	214	Oh43
8	115	215	Oh43
8	116	216	Oh43
8	117	217	Oh43
8	118	218	Oh43
8	119	219	Oh43
8	120	220	Oh43
8	121	221	Oh43
8	122	222	Oh43
8	123	223	Oh43
8	124	224	Oh43
8	125	225	Oh43
8	126	226	Oh43
8	127	227	Oh43
8	128	228	Oh43
8	129	229	Oh43
8	130	230	Oh43
8	131	231	Oh43
8	132	232	Oh43
8	133	233	Oh43
8	134	234	Oh43
8	135	235	Oh43
8	136	236	B73
8	137	237	B73
8	138	238	B73
8	139	239	B73
8	140	240	B73
8	141	241	B73
8	142	242	B73
8	143	243	B73
8	144	244	B73
8	145	245	B73
8	146	246	B73
8	147	247	B73
8	148	248	Oh43
8	149	249	B73
8	150	250	B73
8	151	251	B73
8	152	252	B73
8	153	253	B73
8	154	254	B73
8	155	255	B73
8	156	256	B73
8	157	257	B73
8	158	258	Oh43
8	159	259	B73
8	160	260	B73
8	161	261	B73
8	162	262	B73
8	163	263	B73
8	164	264	B73
8	165	265	B73
8	166	266	B73
8	167	267	B73
8	168	268	B73
8	169	269	B73
8	170	270	B73
8	171	271	Oh43
8	172	272	Oh43
8	173	273	Oh43
8	174	274	Oh43
8	175	275	Oh43
9	0	100	Oh43
9	1	101	Oh43
9	2	102	Oh43
9	3	103	Oh43
9	4	104	Oh43
9	5	105	Oh43
9	6	106	Oh43
9	7	107	Oh43
9	8	108	Oh43
9	9	109	Oh43
9	10	110	Oh43
9	11	111	B73
9	12	112	B73
9	13	113	B73
9	14	114	B73
9	15	115	B73
9	16	116	B73
9	17	117	B73
9	18	118	B73
9	19	119	B73
9	20	120	B73
9	21	121	B73
9	22	122	B73
9	23	123	B73
9	24	124	B73
9	25	125	B73
9	26	126	B73
9	27	127	B73
9	28	128	B73
9	29	129	B73
9	30	130	B73
9	31	131	B73
9	32	132	B73
9	33	133	B73
9	34	134	B73
9	35	135	B73
9	36	136	B73
9	37	137	B73
9	38	138	B73
9	39	139	B73
9	40	140	B73
9	41	141	B73
9	42	142	B73
9	43	143	B73
9	44	144	B73
9	45	145	B73
9	46	146	B73
9	47	147	B73
9	48	148	B73
9	49	149	B73
9	50	150	B73
9	51	151	B73
9	52	152	B73
9	53	153	B73
9	54	154	B73
9	55	155	B73
9	56	156	B73
9	57	157	B73
9	58	158	B73
9	59	159	B73
9	60	160	B73
9	61	161	B73
9	62	162	B73
9	63	163	B73
9	64	164	B73
9	65	165	B73
9	66	166	B73
9	67	167	B73
9	68	168	B73
9	69	169	B73
9	70	170	B73
9	71	171	B73
9	72	172	B73
9	73	173	B73
9	74	174	B73
9	75	175	B73
9	76	176	B73
9	77	177	B73
9	78	178	B73
9	79	179	B73
9	80	180	B73
9	81	181	B73
9	82	182	B73
9	83	183	B73
9	84	184	B73
9	85	185	B73
9	86	186	B73
9	87	187	B73
9	88	188	B73
9	89	189	B73
9	90	190	B73
9	91	191	B73
9	92	192	B73
9	93	193	B73
9	94	194	B73
9	95	195	B73
9	96	196	B73
9	97	197	Oh43
9	98	198	Oh43
9	99	199	Oh43
9	100	200	Oh43
9	101	201	Oh43
9	102	202	Oh43
9	103	203	B73
9	104	204	B73
9	105	205	B73
9	106	206	B73
9	107	207	B73
9	108	208	B73
9	109	209	B73
9	110	210	B73
9	111	211	B73
9	112	212	B73
9	113	213	B73
9	114	214	B73
9	115	215	B73
9	116	216	B73
9	117	217	B73
9	118	218	B73
9	119	219	B73
9	120	220	B73
9	121	221	Oh43
9	122	222	Oh43
9	123	223	Oh43
9	124	224	Oh43
9	125	225	Oh43
9	126	226	Oh43
9	127	227	Oh43
9	128	228	Oh43
9	129	229	Oh43
9	130	230	Oh43
9	131	231	Oh43
9	132	232	Oh43
9	133	233	Oh43
9	134	234	Oh43
9	135	235	Oh43
9	136	236	Oh43
9	137	237	Oh43
9	138	238	Oh43
9	139	239	Oh43
9	140	240	Oh43
9	141	241	B73
9	142	242	B73
9	143	243	B73
9	144	244	B73
9	145	245	B73
9	146	246	B73
9	147	247	B73
9	148	248	B73
9	149	249	B73
9	150	250	B73
9	151	251	B73
9	152	252	B73
9	153	253	B73
9	154	254	Oh43
9	155	255	Oh43
9	156	256	Oh43
9	157	257	Oh43
10	0	100	B73
10	1	101	B73
10	2	102	B73
10	3	103	B73
10	4	104	B73
10	5	105	B73
10	6	106	Oh43
10	7	107	Oh43
10	8	108	Oh43
10	9	109	Oh43
10	10	110	Oh43
10	11	111	Oh43
10	12	112	Oh43
10	13	113	Oh43
10	14	114	Oh43
10	15	115	Oh43
10	16	116	Oh43
10	17	117	Oh43
10	18	118	Oh43
10	19	119	Oh43
10	20	120	Oh43
10	21	121	Oh43
10	22	122	Oh43
10	23	123	Oh43
10	24	124	Oh43
10	25	125	Oh43
10	26	126	Oh43
10	27	127	Oh43
10	28	128	Oh43
10	29	129	Oh43
10	30	130	Oh43
10	31	131	Oh43
10	32	132	Oh43
10	33	133	Oh43
10	34	134	Oh43
10	35	135	Oh43
10	36	136	Oh43
10	37	137	Oh43
10	38	138	Oh43
10	39	139	Oh43
10	40	140	Oh43
10	41	141	Oh43
10	42	142	Oh43
10	43	143	Oh43
10	44	144	Oh43
10	45	145	Oh43
10	46	146	Oh43
10	47	147	Oh43
10	48	148	Oh43
10	49	149	Oh43
10	50	150	Oh43
10	51	151	Oh43
10	52	152	Oh43
10	53	153	Oh43
10	54	154	Oh43
10	55	155	Oh43
10	56	156	Oh43
10	57	157	Oh43
10	58	158	Oh43
10	59	159	Oh43
10	60	160	Oh43
10	61	161	Oh43
10	62	162	Oh43
10	63	163	Oh43
10	64	164	Oh43
10	65	165	Oh43
10	66	166	Oh43
10	67	167	Oh43
10	68	168	Oh43
10	69	169	Oh43
10	70	170	Oh43
10	71	171	Oh43
10	72	172	Oh43
10	73	173	Oh43
10	74	174	Oh43
10	75	175	Oh43
10	76	176	Oh43
10	77	177	Oh43
10	78	178	Oh43
10	79	179	Oh43
10	80	180	Oh43
10	81	181	Oh43
10	82	182	Oh43
10	83	183	Oh43
10	84	184	Oh43
10	85	185	Oh43
10	86	186	Oh43
10	87	187	Oh43
10	88	188	Oh43
10	89	189	Oh43
10	90	190	Oh43
10	91	191	Oh43
10	92	192	Oh43
10	93	193	B73
10	94	194	B73
10	95	195	B73
10	96	196	B73
10	97	197	B73
10	98	198	B73
10	99	199	B73
10	100	200	B73
10	101	201	B73
10	102	202	B73
10	103	203	B73
10	104	204	B73
10	105	205	B73
10	106	206	B73
10	107	207	B73
10	108	208	B73
10	109	209	B73
10	110	210	B73
10	111	211	Oh43
10	112	212	Oh43
10	113	213	Oh43
10	114	214	Oh43
10	115	215	Oh43
10	116	216	Oh43
10	117	217	Oh43
10	118	218	Oh43
10	119	219	Oh43
10	120	220	Oh43
10	121	221	Oh43
10	122	222	Oh43
10	123	223	Oh43
10	124	224	Oh43
10	125	225	Oh43
10	126	226	Oh43
10	127	227	Oh43
10	128	228	B73
10	129	229	B73
10	130	230	B73
10	131	231	B73
10	132	232	B73
10	133	233	B73
10	134	234	B73
10	135	235	B73
10	136	236	B73
10	137	237	B73
10	138	238	B73
10	139	239	Oh43
10	140	240	Oh43
10	141	241	Oh43
10	142	242	Oh43
10	143	243	B73
10	144	244	B73
10	145	245	B73
10	146	246	B73
10	147	247	B73
10	148	248	B73
10	149	249	B73
